11771992
2549975
2548320
481708
9408812
9438346
2648685
2101619
2370285
4047945
6858570
4473829
6875475
8630763
8090401
7754384
7715680
3459613
5053146
1096673
11900867
9583195
11515544
6721476
762369
5713629
5755311
1443005
1811674
12743296
1466610
4322421
4322061
4320340
9409192
1401413
1473233
12090525
12087364
13612359
13434713
2447170
8080887
8071279
11935054
3057046
11838475
9671964
4353237
1840381
4862746
3246142
9220399
11194775
11194870
9852925
9879369
9850486
12873845
12874208
11745301
3615542
12798809
12513148
12407648
8367493
8356365
8368105
4940149
4946175
4948427
9108904
10036565
14205754
14273873
13590740
267364
17689553
11838858
11864352
14440305
2186230
11155222
11234268
7697330
7274407
7245778
7291760
7258522
7255094
7265195
9153352
3376634
5768820
5766800
3107310
5755228
10722202
10693133
6890674
1876064
5675927
4405900
13444085
7261334
1960793
1913116
1913254
6542435
3749698
1396485
11314462
1624716
7989339
10654794
10642528
10696384
10642420
10639132
10611264
5742134
7074282
7048643
5368496
5366194
5364887
5364150
5364003
13832844
8093216
8096785
8110150
11025865
10994027
4680419
6776862
12058766
12073845
12070644
12056727
12055496
11397600
11376531
11944797
11937602
1154378
8682089
3042608
3042858
3042458
3062635
7737930
7736229
2038811
2150081
1108714
1304497
21821991
13019863
12927549
16090235
12900547
12976977
13262362
8820177
8760281
1879348
1761113
1715575
10108505
4285529
2602073
3133828
3132613
7685753
7677575
8742281
16250877
8795811
8755477
8741704
6698304
14623127
14615923
14620586
14604687
7792668
5202326
14509538
1341083
13738495
1558759
7594833
10746926
3528480
3219272
2868334
12612427
6125373
6112871
9916806
1481237
12746558
6941381
2388486
2494360
45120
2579292
6542025
6538221
6548478
8701371
2949534
2823472
10329761
16115142
15700946
10612001
10604633
9628706
9629548
2252219
8068760
8067883
3768059
3819305
3688573
7581098
7581773
10992765
11249051
7187891
6211682
1985570
9663711
6671273
11444516
889367
14135897
14131938
14134926
14073391
14133900
14131434
14132980
14139890
14128129
14135702
14204347
14133333
14141684
14141001
14131527
14131629
294800
11119424
9547462
9704820
4821163
3978136
3982717
6867825
8405026
8404805
2554314
6210264
4899779
10764440
11020301
10828443
5929355
8654268
539606
2078733
10737572
6749359
6228776
6278431
6279036
6228178
6281451
1375642
1458426
11148694
1893942
8425916
1406382
2580432
3533961
10991962
10978708
14091283
9897136
6746127
13089929
12097717
6990973
7880933
8043358
1921873
8547529
12617622
7466646
7467048
2023754
3711615
3785156
3648818
2069496
3619522
2030915
6901716
6065873
5592257
1612654
12592519
3752013
2795004
4199286
6900704
3326696
4336666
7916511
10570522
4246764
1855676
4253686
1033520
958137
1227343
1035598
938826
1210938
939944
942328
941021
6475116
4486465
4463458
4460990
4465340
7120859
8056666
13030947
7996393
2310785
4400474
4424724
936604
4445715
8375976
8352304
8349200
1840163
6917972
1381051
3463119
11148293
9047155
8341669
5721743
11398528
11394198
11969196
11952434
3985533
1975810
4222638
8114454
8109703
8116165
11295638
8381029
10281399
10897672
9545027
11448421
7562440
4610560
5983565
2618093
1467878
694263
1954821
2976345
8281157
5634297
2516210
1431517
4166613
3961913
4000086
8254555
6206669
638974
6061955
6087416
6079736
6068826
9303897
5396616
10584254
8906114
1173958
2029617
11017889
12270967
1432169
6050046
9315567
10409936
2070025
6576289
3437187
8027591
7636314
7637935
842820
1204811
8855981
8851419
13186914
13220751
13208651
2396119
2218566
8710010
7523303
7520233
4047618
10371130
10344168
10337155
258429
40893
9694145
8939254
8893040
13849294
2443423
1877344
1902139
1875072
1893362
1872662
1869770
1751380
13193477
13309162
3109223
4662238
7284842
15224047
7804705
15148804
7746394
1443948
9018773
6443803
10162991
1409808
3055530
1697432
4021684
3542971
1336962
110396
3796771
9837256
9847528
9771950
9835240
2470789
1857836
12804493
8943169
7804885
5331021
5493695
12828923
6957589
6961937
6955616
6954106
3576290
7173109
1811350
11659900
4241437
13611098
13626381
75014
3353749
12866748
10701497
10614842
1302337
13258753
14328260
10103977
1032122
3660008
2003428
2014449
2769391
10754007
848093
1911545
492866
8668765
5352894
5654284
5689466
5679701
9704505
9695615
9853849
8346773
4006783
10503234
9372580
9418591
7420275
7211182
8239374
11484188
7397150
7807637
7803667
7804557
1584600
7905561
9961171
5112255
5106512
13419278
9667233
3585010
3587713
7093577
7648542
14147637
1716466
924947
8075575
5275825
1643386
3058868
3838307
3590231
1145014
1576901
8176104
8186276
8663389
8176533
8659670
8658355
8187911
14496754
14435299
12575178
13870253
9629741
9653475
8074164
4479216
3513679
11144779
14631240
1281868
7168804
4032236
5475362
4598147
11281906
11514376
8543212
8912053
7804653
3123783
1942653
1942090
1942120
1943149
13262855
17316324
13236348
13249124
13185828
13270378
13270863
13183765
17217550
13322623
14480949
8213977
6977203
6982342
6990532
6973392
6057305
4033919
8716020
11588025
3795765
13929659
13909243
13898017
6709990
3056155
6261755
6261271
123089
14180503
763295
6767288
4483806
4487063
1884325
2068381
5014111
5042800
13838669
2593812
8358340
2275129
2274173
3349227
2382300
8789643
1293854
12168184
5539973
5540655
5556778
1170144
9290800
6769298
14102614
13214638
6242105
6237856
6237511
12737389
5872921
3287341
6891718
9480850
13232496
12004651
13477605
5676921
5671128
4805950
10620791
978769
972106
9990326
10260020
8079106
8076711
8053602
8077621
8056855
2476094
9032629
6942618
25893917
13789481
3481543
2824046
4484792
3801660
13332054
13314217
1395267
5340293
11315517
5047265
4316918
8669061
2012836
6729371
2648851
2480593
9772401
7702469
1772361
4555351
4515973
410240
2908344
4025012
9117778
9123324
4059827
7423646
11389248
2246471
13603403
6550064
12128713
9178800
9192005
5155182
5150491
10749558
10722075
4126197
248381
6062912
9764215
985993
985986
14191238
5371834
5843321
10014158
4074325
3398724
8240249
9792524
9822325
10215592
12720578
12716961
12716001
12714762
12710245
12724122
8673727
2089265
1527207
2481989
6329538
3146004
5374437
1949979
11690539
11729807
11744836
662201
9441622
3121090
9451704
5175321
5211947
5182423
1929422
7214412
7198419
7194719
5194885
5944741
7586460
7590672
7584410
7584574
10085788
7586598
4187014
5402698
730180
6526480
12396789
12682834
1900655
4064684
6507165
11456336
6506474
1810353
4072638
4421416
4417388
9466054
8990055
13082648
4986274
7411003
10650801
25651796
9018662
11399313
12519757
12531393
3304979
6361866
6402282
3390782
1081252
10509921
13144662
20591669
6202180
13920644
20271902
12127918
13340260
12860339
10571790
6570324
7807977
7172077
6443548
2634205
8599107
8587302
2031661
1792205
145381
2398936
5502368
7158339
9024974
9486317
6787920
9555040
9911894
5475750
1846377
3074866
2801218
3098414
3057119
2963316
1931409
4944030
4286701
555031
2969219
794528
2248086
4977354
4992219
6279593
8023315
2025210
2029907
10130042
1747859
1945370
12846639
7768315
6834673
5696879
3775059
5294856
10296875
1545573
3577209
8061926
7246068
7222394
3245220
1358439
3890952
7284099
12188923
9292272
3010113
7710386
7751401
7716701
7715533
1402868
13876804
3500293
11670607
11652629
11635041
12322613
12331365
12430037
18248397
8669963
2461842
2460764
2438941
5503621
1516064
9261554
9287407
9263379
2456241
2457692
4494736
4909148
5407825
5400013
5084235
6032729
4965457
9337572
10642957
1421407
1423467
11702472
3207028
2994995
901489
4202303
1764650
9599717
4536886
7476580
3933948
13983556
14004542
11542306
11523592
7897658
6612385
449349
449689
986083
6301729
9778027
7704854
13724917
14332667
2560322
2559352
7454833
10727105
6949999
6948820
9537141
9516215
9455975
9143054
1382487
13130599
13171438
13155487
12925579
13381908
2901600
1551579
7817578
2307134
2184154
4730051
7595815
8113210
5084714
5050762
1748313
3391969
2037361
2035410
3409460
3395804
12803654
7731536
7729781
10550230
11557190
1115325
8863513
2153344
8010338
2274428
9505226
9495990
14062463
9355440
8278358
2955779
14038426
12242729
12404251
6692950
2561025
2541192
3376160
3094940
3342544
3104437
3340560
7477721
7694886
6458364
11492934
11492107
8019763
8018877
8022292
3621768
8020257
8020610
21184019
6441163
14138050
14138257
8632125
9560640
7882654
6156652
10471498
10471108
7884903
7851281
8000249
8009936
9166061
4222432
722689
6128946
3408955
3405728
4950435
4948553
4967686
5012323
5160723
5047928
12685655
11624884
8786142
8738618
12850370
3091335
3173190
2419353
8901258
5399916
3290388
7628058
2010551
11057589
10642819
2955180
11993439
11965835
11964743
6514045
6468981
2979306
2241050
9521440
6982495
5244608
2415832
9205553
4949520
1668808
12326587
12232112
6464561
11059156
10936703
4622205
6981180
10371340
12593365
4927493
5327236
5050214
722820
17044308
15373366
17075324
3327209
5698450
12141522
3720321
8514026
8477272
8460883
9089867
7620890
10696360
3227712
7981505
14962824
3028851
1931996
4011890
4004239
7651538
5632222
11370278
6009981
1694625
6417859
2792910
11433467
4997518
1752008
5118188
9152592
3210389
6228605
6213761
13113459
12912026
12872117
12869265
12242514
3546229
3494843
6519872
6521128
6521135
9461271
9049452
9445815
6663268
7109845
7019308
4986705
3092194
3091675
2470187
1991555
2378335
10278416
626320
14293170
12553571
7416337
24312556
5845121
5432659
5432185
8729919
1459708
7807226
13852218
7481680
14116292
2387141
7356790
11396955
11489346
11484549
833674
8258512
10685133
140809
8955816
8956033
7937623
23699376
7932691
11527485
7932560
9355758
4597536
7967887
11882165
7075458
7075135
5234818
1663040
7859795
3393718
741584
12988423
13018465
4891638
4861538
6810127
1799764
4013434
8508329
11159150
4204572
5704649
1761511
12104064
9924880
9966195
3129880
3479224
6611671
637378
7442987
7021300
7021510
8243957
8259877
8242963
8241302
7772079
7772645
7760660
13002715
7757696
7756042
7755516
7758040
9228601
9248165
9245970
6627653
8247792
1641175
1641949
1640986
8143397
1338482
1339738
6658464
2246188
2233935
5561882
5468270
3481749
4785555
4788890
8183491
12311072
1828353
13711654
13713085
14077204
13736020
13741838
13732374
1429935
1534316
22425413
4959592
1927929
4272766
1249960
4227478
4885434
12479399
12570600
12422333
9695540
9741589
2603115
5619122
966155
8375153
3184788
2387108
10293379
9405159
2589700
9055909
3108134
8606477
8609141
26256845
14198770
14196101
14202270
14198456
2452378
3963233
1658865
4436934
6434927
11540945
7002654
5644122
6121524
11743394
7753661
5779320
5666020
5801008
3159860
2830644
2085773
8949513
8967696
8947911
474983
1418374
13133011
313434
654749
12304341
2301468
588628
4194581
2752885
5184016
5196448
12351888
21479194
12357868
12235236
12420323
12795545
13860990
13836604
13837248
13836734
13920506
13850639
13796096
7828993
12210442
7344821
4211912
3084816
10426095
11561003
10210192
19283247
4186344
4511031
3715680
3136056
7678784
7707815
7709305
7707739
3920158
13691683
11943299
12018832
10583456
10583676
4678328
6048433
10046375
4485812
8106959
8095925
5355444
6194186
3034253
6682664
6687052
7861419
11140330
12023142
1991803
6241620
8932479
1530345
3113457
6644138
6643187
6651740
6343382
2105190
6376214
6395842
6386053
4726635
6488574
6497230
7198916
7196976
7202213
7199713
5829580
5510739
10743226
8341801
8341473
1478507
7920222
7921971
6612965
6654803
11009274
6615070
10799491
10781837
2705445
5782519
4225802
4224512
11245820
1847895
13143336
2636330
1869658
3097851
3094878
3143842
6467867
6939889
3081684
9694822
7616973
4803587
4820845
4803476
16845371
13530007
1726160
1500337
401534
1121521
1439358
998542
3594900
5052300
19875842
14440887
2191162
5092947
1560424
4338444
4354376
400021
15238880
13576950
13599938
13505884
13439483
2432632
4287432
12194243
3853809
3592623
3592631
13282732
26540930
7781564
9618729
5743732
14274496
11401822
11045595
11970171
2064911
1067199
2114644
2190894
1665099
8955292
8876284
8843268
9804633
8934469
8964383
14366499
14473557
3618713
1875834
3990210
10213499
10226544
11421227
14170207
14080772
14055374
14088077
5189438
12537726
3216890
3298784
12578233
718334
7139161
7663272
2294573
499355
6526515
6632440
5479340
7681201
2286734
9312806
2357045
1489319
6450709
6452340
2935106
3214999
2533395
13859923
7005734
3967432
13486369
8440984
11503983
9024204
9021605
1619524
8002331
7327460
12394204
1728170
1728258
7691972
3966547
3140968
3138800
6902649
4238399
4236670
12340658
4719675
6346950
6337445
6350114
14153355
13011012
7861955
8253648
8286571
8302354
11494192
8828433
8824007
8813104
9361997
8814906
3975691
11349440
4679484
14516342
14509065
14506288
10629372
10642338
10572827
9098062
9073392
7028234
7022888
139668
6466228
1813706
10750850
10788686
10648674
2660651
1293556
3736311
18686845
1430540
8231470
3758592
8660779
5727829
5725444
2737744
2542844
7465165
8246870
7905488
7937813
3358254
12661796
12617470
12620177
8759264
4005202
10469891
8599220
14669912
8595604
8598118
8596067
8595468
8015234
3775611
6130161
1431032
3988096
3984577
10319539
4394345
7877566
7855614
3700346
5902107
5644557
2019276
2273500
1937592
5948935
8003877
8003919
8052090
3828584
3829021
3831298
5843550
3963065
3961232
13453756
6724383
4397129
1913164
1913978
1910631
1775337
1908846
2486514
2474163
11294378
11291893
6175557
2476527
5843590
790584
1855711
1854769
1854753
11339593
2108939
5061014
10418945
10409852
13763795
9434487
4410846
4412930
4414273
10968842
10888498
3031388
6106339
15914543
9223419
1513844
1460391
10453165
12450030
12712157
12709011
12435386
12096260
7381004
13728202
14561651
11709222
6225458
6555261
1432866
1868253
8343684
8345010
8346219
8504042
12644251
8193166
8215476
8174656
11471697
13430585
11405002
13388971
7914570
11958783
4216197
7745389
5273294
5290163
5279912
5761781
5268773
5209231
1002193
1207593
1209496
4449423
10732237
7501161
8824691
7216068
3872481
2333173
1669108
1503825
3356507
521801
8155737
3407676
3405640
2369157
11010969
3500881
9424149
9420428
9421642
9420320
3526347
10652296
7676022
7075276
2296781
2287957
2845700
9267956
5959302
5323188
20760651
993699
990093
994215
6626096
4856972
12518328
12529655
9759077
198277
8109633
8109032
8111285
8991862
9001405
112451
8722107
4922632
4396546
620245
4303936
2050454
10794900
2697911
6522121
13375394
13374191
13375165
13376720
13350990
5808335
13797833
13833758
13798735
9063514
9065395
1876984
6610783
11426302
11363954
1469444
6432064
2293464
3954243
3915516
3914297
2449006
13571404
12258024
1144553
933333
1636584
2317557
1639028
973854
8224502
5775902
3233649
8731872
9117489
9384113
8726230
8727764
9145723
4222350
4228606
4226533
14500792
14419889
1128126
8935105
1128071
15528669
1129275
2492633
14281430
3142347
1126998
1115893
5367843
5365934
5365725
3373639
12204637
12585098
12464778
12112899
2766870
1777520
8769684
7784378
7213991
425607
1475211
846037
5809934
406016
2471482
10591493
6679238
17954584
8547054
10992329
10985403
10982762
10983838
7550223
7532486
10860066
11538897
10686360
10682114
1717735
782406
739272
1722575
6285990
10576671
14105765
803671
2215153
13072206
11862186
11823550
6552595
4835688
13797511
3114308
3112391
3303029
8548705
8533797
8610477
8600301
8582127
2984847
11352321
12374914
12347826
12287097
12286344
8456601
10250478
10141497
10154067
12550788
9034023
6432613
4678486
2052641
5081075
